0 0.7369215291750503 0.7070135746606335 0.12826961770623743 0.21116138763197587
0 0.4045523138832998 0.6255656108597285 0.02137826961770624 0.027149321266968326
0 0.41813380281690143 0.6151960784313726 0.011820925553319919 0.01998491704374057
0 0.36053822937625757 0.6108597285067874 0.00829979879275654 0.01885369532428356
0 0.34972334004024147 0.6157616892911011 0.020372233400402416 0.0196078431372549
0 0.30721830985915494 0.6219834087481146 0.024396378269617706 0.017722473604826545
0 0.21114185110663983 0.6253770739064857 0.03244466800804829 0.026772247360482653
0 0.17467303822937627 0.6223604826546003 0.037977867203219315 0.019230769230769232
0 0.13269617706237424 0.6161387631975868 0.028370221327967807 0.01885369532428356
0 0.10065392354124748 0.6159502262443439 0.01006036217303823 0.01546003016591252
0 0.5080482897384306 0.6247643288084465 0.01006036217303823 0.020267722473604827
0 0.5149647887323944 0.6334841628959276 0.012575452716297788 0.011312217194570135