0 0.05260416666666667 0.48641397849462364 0.02394345238095238 0.04010752688172043
0 0.09523313492063493 0.5013548387096775 0.02140376984126984 0.05111827956989247
0 0.06203869047619047 0.5902258064516128 0.06167410714285714 0.13448387096774192
0 0.1525545634920635 0.6267903225806452 0.09686507936507936 0.17773655913978492
0 0.3497321428571428 0.515510752688172 0.033377976190476194 0.05269354838709678
0 0.45385416666666667 0.5088279569892473 0.023219246031746032 0.0550483870967742
0 0.4669146825396825 0.48641397849462364 0.026121031746031743 0.033817204301075265
0 0.4995659722222222 0.4844462365591398 0.010158730158730159 0.02988709677419355
0 0.5146205357142857 0.5009623655913978 0.024308035714285716 0.04089247311827957
0 0.5178224206349207 0.49322043010752686 0.023102678571428573 0.030666666666666665
0 0.5489831349206349 0.49768279569892476 0.03169890873015873 0.040376344086021504
0 0.6032415674603174 0.49043548387096775 0.025724206349206347 0.04204838709677419
0 0.6349751984126983 0.5171720430107527 0.03647817460317461 0.0644462365591398
0 0.6071428571428571 0.5754462365591397 0.09340525793650795 0.11609677419354839
0 0.7343898809523809 0.574763440860215 0.09404017857142857 0.1147258064516129
0 0.8036532738095238 0.5126021505376345 0.05461061507936508 0.0516505376344086
0 0.8276909722222222 0.5064301075268818 0.013705357142857142 0.052107526881720434
0 0.847827380952381 0.5055161290322581 0.01855406746031746 0.056677419354838714
0 0.9306919642857143 0.5727043010752688 0.09656994047619048 0.11883870967741936
0 0.9218353174603175 0.5208279569892473 0.060302579365079365 0.05439247311827957