0 0.7348318713450293 0.5962171052631579 0.5303362573099415 0.6578947368421053
0 0.4793494152046784 0.5552713815789474 0.07917763157894736 0.08637609649122807
0 0.3023154239766082 0.59203125 0.16383954678362572 0.10231359649122808
0 0.37292397660818716 0.5750657894736843 0.12613486842105265 0.08483278508771931
0 0.33710526315789474 0.5485882675438597 0.0997423245614035 0.05655427631578947
0 0.3389894005847953 0.5359923245614034 0.09802997076023391 0.05501370614035088
0 0.3160252192982456 0.5282785087719298 0.05758406432748538 0.036504934210526314
0 0.35150036549707603 0.5102850877192983 0.05107090643274854 0.04061677631578947
0 0.2747222222222222 0.4976891447368421 0.046959064327485374 0.061696820175438594
0 0.3052284356725146 0.4884320175438596 0.035305190058479534 0.03496162280701755
0 0.3197953216374269 0.4670970394736842 0.01713815789473684 0.022108004385964913
0 0.33162097953216374 0.48894736842105263 0.01953764619883041 0.043188048245614036
0 0.35869883040935674 0.48971765350877194 0.03667580409356725 0.028278508771929823
0 0.3552704678362573 0.46529605263157897 0.02090826023391813 0.01953673245614035
0 0.36932383040935673 0.47069627192982455 0.00993969298245614 0.022108004385964913
0 0.38080592105263156 0.47146655701754386 0.015767543859649125 0.03598958333333333
0 0.40634137426900585 0.481748903508772 0.03324744152046784 0.026735197368421053
0 0.4109703947368421 0.46606907894736843 0.01919407894736842 0.027250548245614035
0 0.4498720760233918 0.4750657894736842 0.0483296783625731 0.026735197368421053