0 0.07592447916666667 0.6614908854166667 0.061865234375 0.02142578125
0 0.11167643229166667 0.6671158854166667 0.06748697916666667 0.02624565972222222
0 0.126943359375 0.6722048611111111 0.035351562499999996 0.010711805555555556
0 0.23138671875000003 0.6863975694444444 0.07070312499999999 0.03267361111111111
0 0.33101236979166665 0.6711328125 0.04981119791666667 0.018211805555555557
0 0.49852864583333334 0.7113042534722223 0.07472005208333334 0.031065538194444447
0 0.5885123697916667 0.6325672743055555 0.05222330729166667 0.02142578125
0 0.6154296874999999 0.6526540798611111 0.04499348958333333 0.01660373263888889
0 0.6178385416666666 0.6596180555555555 0.053027343750000004 0.019817708333333333
0 0.6511816406250001 0.6454231770833334 0.050615234375000005 0.012855902777777779
0 0.7218815104166666 0.6349782986111111 0.08596679687499999 0.03052951388888889
0 0.8323535156249999 0.6384592013888889 0.05784830729166667 0.03427951388888889
0 0.9368001302083333 0.6384592013888889 0.053027343750000004 0.016067708333333333
0 0.9599641927083334 0.6547960069444445 0.08007161458333333 0.023031684027777777
0 0.600966796875 0.5262478298611111 0.038564453125 0.01767578125
0 0.5005371093750001 0.5340147569444444 0.027317708333333333 0.018211805555555557
0 0.47884440104166665 0.5463324652777778 0.016067708333333333 0.017139756944444445
0 0.443896484375 0.52142578125 0.03936848958333333 0.01017578125
0 0.3065104166666667 0.5583854166666666 0.032939453125 0.019817708333333333
0 0.305302734375 0.5824869791666667 0.06748697916666667 0.028387586805555556
0 0.17032877604166666 0.5704361979166667 0.04338541666666667 0.0278515625
0 0.16430013020833334 0.4276931423611111 0.044189453125 0.021959635416666665
0 0.37279296875 0.40573350694444443 0.028922526041666664 0.01767578125