0 0.016826508620689656 0.22992456896551725 0.03365301724137931 0.05324622844827586
0 0.1495959051724138 0.49062230603448276 0.083441091954023 0.2219719827586207
0 0.16273347701149427 0.2959644396551724 0.026738505747126436 0.062235991379310344
0 0.15674030172413794 0.2309617456896552 0.05992995689655172 0.04840517241379311
0 0.16181214080459771 0.22819773706896554 0.044256465517241377 0.04148976293103448
0 0.20537715517241378 0.2441002155172414 0.028121408045977014 0.04563846982758621
0 0.26415409482758617 0.2544746767241379 0.05163254310344828 0.04702316810344828
0 0.36234913793103446 0.29734644396551724 0.046100933908045975 0.08159752155172413
0 0.38724317528735636 0.2344207974137931 0.043335129310344826 0.044256465517241377
0 0.4096012931034482 0.24237338362068966 0.015213721264367815 0.04218211206896552
0 0.45252334770114944 0.5298114224137931 0.18852191091954024 0.27953124999999995
0 0.6027640086206897 0.47130387931034484 0.08306573275862068 0.20802262931034482
0 0.7197772988505747 0.506516702586207 0.17407507183908047 0.25461206896551725
0 0.5691756465517241 0.24052801724137932 0.07945402298850575 0.07584321120689655
0 0.6600233477011495 0.24466056034482758 0.009109195402298851 0.023424030172413794
0 0.9094558189655173 0.24271012931034483 0.029931752873563217 0.029932650862068966
0 0.8721497844827586 0.2248168103448276 0.025594468390804596 0.038391702586206895