0 0.15424865296348036 0.6421700089793474 0.09285970864098982 0.08786590841065549
0 0.2611315106765117 0.6402993115833582 0.05484334464178806 0.0822568093385214
0 0.34339652763919376 0.6655402574079617 0.07727998403512273 0.07290930859024244
0 0.41382159249650763 0.6543220592636936 0.0498583117142287 0.08038910505836576
0 0.3874815406106566 0.6490392098174199 0.06155857114348434 0.07635737803052979
0 0.39347236080622633 0.6577731218198144 0.03693474356415885 0.056893145764741096
0 0.9896727200159648 0.623436096976953 0.020654559968070245 0.026782400478898533
0 0.9285531829974056 0.628494462735708 0.04999800439034125 0.03928165219994014
0 0.8382757932548395 0.6484346004190362 0.06864897226102575 0.07320562705776713
0 0.7178427459588904 0.7374109548039509 0.19126521652364797 0.20949715653995807
0 0.5620913989223708 0.6585513319365459 0.05198363600079824 0.0993923974857827
0 0.44503093194971066 0.747231367853936 0.0845220514867292 0.21604609398383715
0 0.4991957693075234 0.736219694702185 0.12856914787467572 0.19759652798563304
0 0.4587208142087408 0.6270068841664173 0.035713430453003396 0.042256809338521405
0 0.48074436240271406 0.6371266087997605 0.052775893035322284 0.04939838371744986