0 0.12465087790935075 0.6901163859111792 0.09372805226623111 0.09852067381316999
0 0.29903634136382196 0.620771822358346 0.02805430788076766 0.036346094946401224
0 0.38447529603919967 0.7006401225114854 0.08161290322580646 0.11765084226646248
0 0.43006329113924047 0.7116385911179173 0.10137811351572071 0.11669218989280244
0 0.5359064924458963 0.6575957120980093 0.08352592895059208 0.06791117917304747
0 0.574162923642303 0.7039877488514548 0.09755410371580236 0.10521592649310872
0 0.7096529195590037 0.6489892802450229 0.05483462637811351 0.07173660030627871
0 0.7769211923233973 0.6379877488514549 0.04781951817068191 0.05547626339969372
0 0.8448264597795019 0.6752924961715161 0.05483462637811351 0.09373660030627871
0 0.5999550837076357 0.6172741194486984 0.02077991016741527 0.029950995405819296
0 0.4954389546753777 0.6132741194486983 0.02125357288689261 0.023813169984686064
0 0.4408227848101266 0.6286094946401225 0.03363005308289098 0.03672894333843798
0 0.44485912617394857 0.6116600306278713 0.015334830543078808 0.024618683001531392
0 0.46423029808084937 0.6136753445635529 0.02286851776235198 0.02704134762633997
0 0.4764699877501021 0.6118591117917305 0.011837484687627603 0.026637059724349158