0 0.28094264117385503 0.9501275 0.10316140506891952 0.099745
0 0.4433659404179635 0.9263724999999999 0.10535349044019564 0.14725749999999999
0 0.46147176522899064 0.7842525 0.11522899066251667 0.138215
0 0.542134281903068 0.8265175 0.10755002223210315 0.148705
0 0.10864828812805691 0.84688 0.21729212983548243 0.0795975
0 0.05542018674966652 0.74075 0.11084037349933304 0.1647475
0 0.22717207647843488 0.63462 0.20631836371720763 0.1203225
0 0.5767052023121387 0.6080875 0.13937305469097377 0.1376
0 0.43458425967096487 0.5874175 0.09437972432192085 0.177705
0 0.08559804357492218 0.5136825 0.13169408626056026 0.15857749999999998
0 0.14760337927967984 0.46308499999999997 0.13059582036460649 0.142535
0 0.2589951089373055 0.452595 0.10755002223210315 0.16598249999999998
0 0.3506313917296576 0.464935 0.09328145842596709 0.1733875
0 0.5042730102267674 0.4606175 0.18985771453979547 0.14623750000000002
0 0.5975544686527345 0.4294575 0.18985771453979547 0.1505575
0 0.10487772343263672 0.2281225 0.14545131169408626 0.1773325
0 0.2518586038239217 0.096845 0.0964562027567808 0.1936875
0 0.4172120942641174 0.2035875 0.11176522899066252 0.16441999999999998
0 0.4294619831036016 0.0692975 0.14238772787905737 0.138595
0 0.5741485104490884 0.10803499999999999 0.11329924410849267 0.20057499999999998
0 0.6606536238328146 0.09038750000000001 0.07808359270787017 0.18077500000000002
0 0.6453401511783015 0.1988525 0.13014228546020454 0.1773325
0 0.7150066696309471 0.2789125 0.1286082703423744 0.16356
0 0.884188528234771 0.11449250000000001 0.1209559804357492 0.191105