0 0.6637907341970946 0.7139086028545241 0.07946211228896741 0.0782100301165379
0 0.8542069100903023 0.7074453319366244 0.1773341185708677 0.08596700274977084
0 0.8798861405575187 0.6046733010344376 0.09108951707891637 0.04589236611234778
0 0.3973066352571653 0.6528270263192354 0.14729289360031408 0.0426594212387063
0 0.21561052218296034 0.6059656933350792 0.09011974872398901 0.03037973026057352
0 0.3740478994895956 0.5917467591986382 0.07946211228896741 0.02391514992798219
0 0.05620337652139772 0.5539334817336651 0.063955634079309 0.024562000785648817
0 0.0983510011778563 0.5420099515516564 0.04051825677267373 0.019328270263192355
0 0.11971535139379663 0.556505172188032 0.04051825677267373 0.014905067434856619
0 0.14230663525716528 0.547742569071625 0.03216921868865332 0.019000916590284144
0 0.16711032587357674 0.5560141416786696 0.015961915979583824 0.01457771376194841
0 0.35776207302709073 0.5535956527432239 0.047365528072241855 0.020690061542490507
0 0.5189340400471142 0.5589079481471783 0.04694738908519827 0.01957182139583606
0 0.6404927365528073 0.5438103967526515 0.04359442481350608 0.018453581249181616
0 0.6566313309776207 0.5277334031687836 0.03311542991755006 0.017614246431844966
0 0.7566038476639183 0.5568102658111823 0.030180604632901453 0.013141285845227184
0 0.807532391048292 0.5577897080005237 0.03814487632508834 0.017894461175854394
0 0.8173831959167648 0.5250766007594605 0.010899096976835493 0.013420191174544977
0 0.7999882214369847 0.5253568155034699 0.017186886533176286 0.009506350661254418
0 0.7767235963879073 0.5250766007594605 0.018443266588142913 0.00559251014796386
0 0.7635198272477424 0.5266151630221292 0.00964075382803298 0.006989655623936101
0 0.7392756183745582 0.5225337174283096 0.012000392618767177 0.007445331936624329
0 0.748013349038084 0.5249967264632709 0.01726148409893993 0.007902317664004191
0 0.7276874754613271 0.5219641220374492 0.014197094621122888 0.004973156998821527
0 0.9633627797408716 0.529611103836585 0.01712603062426384 0.008693204137750425
0 0.9394935217903415 0.5298638208720702 0.010912838633686691 0.010412465627864345
0 0.916986650961916 0.5278918423464711 0.021974872398900665 0.010513290559120075
0 0.8978150765606596 0.529611103836585 0.014852767962308598 0.009300772554668064