0 0.44958333333333333 0.589375 0.09083333333333334 0.12875
0 0.5320833333333334 0.590625 0.10416666666666667 0.12375
0 0.4220833333333333 0.386875 0.0525 0.06375
0 0.5354166666666667 0.373125 0.0575 0.05375
0 0.7695833333333333 0.356875 0.07083333333333333 0.06125
0 0.9070833333333334 0.41125 0.0675 0.09
0 0.7245833333333334 0.539375 0.0725 0.12375
0 0.81375 0.585 0.10416666666666667 0.1275
0 0.8270833333333333 0.5225 0.08916666666666667 0.0925
0 0.9020833333333333 0.52 0.12416666666666666 0.11
0 0.98375 0.56875 0.0325 0.11