0 0.6154695024077047 0.6495786516853933 0.13543338683788123 0.1502808988764045
0 0.7353531300160514 0.6334269662921348 0.13041733547351525 0.1151685393258427
0 0.6128832263242376 0.4194915730337079 0.003948635634028893 0.011053370786516855
0 0.6365710272873194 0.4353455056179775 0.007688603531300161 0.007853932584269663
0 0.6492455858747994 0.4290898876404494 0.0051946227929374 0.006398876404494382
0 0.6542335473515248 0.42618258426966293 0.003115971107544141 0.00698314606741573
0 0.677610353130016 0.4128005617977528 0.007064606741573034 0.005817415730337079
0 0.6849859550561798 0.40974438202247193 0.005609951845906902 0.006691011235955056
0 0.6884149277688604 0.406691011235955 0.004155296950240771 0.008146067415730337
0 0.6472732744783307 0.38647191011235954 0.005818619582664527 0.0061095505617977525
0 0.6975581861958267 0.3893820224719101 0.0103892455858748 0.0037808988764044945
0 0.7079474317817014 0.39025561797752806 0.009143258426966292 0.004946629213483146
0 0.7548053772070625 0.38530898876404496 0.007688603531300161 0.00552808988764045
0 0.7454534510433387 0.3877808988764045 0.008934590690208667 0.00698314606741573
0 0.734959871589085 0.38865449438202243 0.007064606741573034 0.007564606741573034
0 0.730284911717496 0.3882191011235955 0.0064406099518459076 0.0061095505617977525
0 0.722389646869984 0.38894662921348316 0.009765248796147673 0.006398876404494382
0 0.7507524077046549 0.39243539325842697 0.006649277688603531 0.005235955056179776
0 0.8476344301765649 0.3674887640449438 0.008306581059390047 0.007811797752808988
0 0.8739807383627608 0.38193539325842696 0.007267255216693419 0.008721910112359552
0 0.878069823434992 0.3703061797752809 0.0042837078651685396 0.007632022471910113
0 0.8931239967897271 0.36976123595505617 0.0042837078651685396 0.005814606741573034
0 0.806946227929374 0.37312359550561797 0.0035052166934189406 0.004179775280898876
0 0.7961737560192617 0.37512078651685393 0.007656500802568218 0.006721910112359551
0 0.8011055377207063 0.3775730337078652 0.011292134831460675 0.004724719101123595
0 0.8281019261637239 0.37348595505617976 0.007917335473515249 0.0059971910112359555
0 0.8336817817014446 0.3752134831460674 0.007917335473515249 0.005452247191011236