0 0.11667989417989418 0.5969246031746033 0.20356812169312172 0.14522817460317458
0 0.18767857142857142 0.555218253968254 0.11717592592592592 0.06926339285714285
0 0.45579365079365075 0.690391865079365 0.26215608465608464 0.23087549603174604
0 0.6727645502645503 0.66171875 0.1936375661375661 0.1660813492063492
0 0.31577711640211636 0.579422123015873 0.08142857142857143 0.059580853174603175
0 0.41209986772486773 0.5611755952380952 0.03971891534391534 0.04543154761904762
0 0.4562896825396825 0.561547619047619 0.05064484126984127 0.04468501984126984
0 0.8256911375661375 0.6114484126984128 0.06851851851851852 0.09383928571428572
0 0.722417328042328 0.6062351190476191 0.15590277777777778 0.08639136904761904
0 0.6062334656084656 0.5429290674603175 0.11816798941798941 0.03723710317460317
0 0.639996693121693 0.5570808531746032 0.10426587301587302 0.03723710317460317
0 0.5024636243386243 0.5641542658730159 0.10327380952380953 0.03649305555555555
0 0.8654100529100529 0.5611755952380952 0.10823743386243387 0.06926339285714285
0 0.9562698412698414 0.5883606150793651 0.08540013227513228 0.07000744047619047
0 0.971167328042328 0.5954340277777778 0.057595899470899464 0.06628472222222222
0 0.9468551587301587 0.5481423611111111 0.10628968253968255 0.041706349206349205
0 0.7631316137566138 0.5541021825396825 0.04666997354497354 0.041706349206349205