0 0.2708333333333333 0.5702191235059761 0.25 0.7221115537848606
0 0.795 0.5440737051792829 0.325 0.6972111553784861
0 0.15625 0.16372011952191234 0.10583333333333333 0.12823705179282868
0 0.08041666666666666 0.1830179282868526 0.07083333333333333 0.07221115537848606
0 0.05333333333333334 0.25149402390438247 0.06333333333333334 0.07221115537848606
0 0.07333333333333333 0.33491035856573703 0.13833333333333334 0.199203187250996
0 0.4475 0.41770418326693226 0.175 0.19297808764940239
0 0.5858333333333333 0.35483067729083667 0.23166666666666666 0.17679282868525897
0 0.39625 0.19671314741035856 0.18916666666666668 0.1892430278884462
0 0.5879166666666666 0.2340637450199203 0.2325 0.1892430278884462
0 0.6345833333333334 0.1375747011952191 0.08583333333333333 0.08341633466135458
0 0.7170833333333333 0.15500498007968128 0.09416666666666666 0.11827689243027889