0 0.8596293508936972 0.6966553767993227 0.0482483537158984 0.06876093705898956
0 0.741420507996237 0.6502116850127011 0.10453809971777987 0.14475867908552073
0 0.7458419567262465 0.680369743155518 0.12142615239887111 0.09168219023426474
0 0.7092549388523048 0.5693875246965848 0.08523988711194733 0.0579029071408411
0 0.5870253998118532 0.6091955969517359 0.04663969896519285 0.06031611628563364
0 0.6063236124176858 0.6477984758679086 0.1383123236124177 0.05066610217329946
0 0.6614073377234243 0.6773525261078183 0.12303480714957667 0.1025373976855772
0 0.13957102539981187 0.5408326277166243 0.09175917215428034 0.09200959638724246
0 0.15623330197554092 0.49953429297205754 0.05650423330197554 0.05288738357324301
0 0.2117723424270931 0.5201834603443409 0.06326622765757291 0.06375388089189953
0 0.23229727187206023 0.5136635619531471 0.04249858889934149 0.04781541066892464
0 0.33009407337723423 0.5089528648038386 0.07002822201317027 0.04419418571831781
0 0.3385456255879586 0.5317753316398532 0.08210159924741298 0.06520462884561107
0 0.4047093132643462 0.597702511995484 0.05409031044214487 0.04926615862263619
0 0.41726622765757293 0.5560457239627434 0.05022577610536218 0.04854078464578041
0 0.4773941674506115 0.5531470505221564 0.08451552210724365 0.05433530906011854
0 0.45759360301034807 0.526342082980525 0.06036876763875823 0.04564211120519334
0 0.5145813734713076 0.5201834603443409 0.06616368767638758 0.05506068303697432