0 0.9365360958238912 0.5433154296875 0.07006150857882809 0.0617626953125
0 0.9074231142764649 0.5319775390625 0.051505341534477174 0.0535595703125
0 0.8050534153447717 0.5570703125 0.05214632567173843 0.03908203125
0 0.6985237941081255 0.5305322265625 0.03103269666558757 0.0226806640625
0 0.7129200388475235 0.5959130859375 0.16283263191971512 0.1418603515625
0 0.6251019747491098 0.6137646484375 0.12604402719326643 0.0675537109375
0 0.5606409841372613 0.572509765625 0.08925542246681774 0.084443359375
0 0.48626416315959853 0.5580322265625 0.04990611848494658 0.0381201171875
0 0.4742667529944966 0.5696142578125 0.039349303981871156 0.01978515625
0 0.5012981547426352 0.6357177734375 0.10685011330527679 0.0911962890625
0 0.496820977662674 0.6024267578125 0.06462285529297507 0.0506640625
0 0.3792521851731952 0.5973583984375 0.08221754613143412 0.1370361328125
0 0.2938361929426999 0.6448876953125 0.09309485270314018 0.0632080078125
0 0.23385237941081255 0.669013671875 0.18682745224991906 0.110498046875
0 0.21305924247329233 0.5918115234375 0.030071220459695694 0.023642578125
0 0.14811913240530916 0.602666015625 0.04414697313046293 0.036669921875
0 0.12876335383619295 0.5966357421875 0.028471997410165102 0.0178515625
0 0.10428941404985431 0.593017578125 0.028151505341534475 0.0289501953125
0 0.01647458724506313 0.6154541015625 0.03294917449012626 0.035224609375
0 0.02623179022337326 0.60025390625 0.033910650696018126 0.031845703125
0 0.055182907089673036 0.6007373046875 0.0387083198446099 0.0250927734375