0 0.12764574823616784 0.5824972129319955 0.04548830300779799 0.1282051282051282
0 0.18937987374675083 0.4605629877369008 0.051986632008911994 0.08500557413600891
0 0.3523022651318232 0.6075808249721293 0.07890828072781285 0.11426978818283166
0 0.4247122168585221 0.46404682274247494 0.04548830300779799 0.0947603121516165
0 0.5045488303007798 0.6472965440356745 0.05105829929446714 0.13795986622073578
0 0.6386929075380616 0.4654403567447046 0.046416635722242854 0.08639910813823858
0 0.6809320460453027 0.6034002229654404 0.06405495729669514 0.13656633221850614
0 0.7709803193464537 0.6194258639910813 0.04734496843668771 0.14910813823857302
0 0.47762718158187895 0.28497770345596435 0.032491645005569995 0.05713489409141583
0 0.5523579650946899 0.31075808249721293 0.055699962866691426 0.044593088071348944
0 0.6614370590419606 0.23690078037904125 0.02506498329001114 0.033444816053511704
0 0.5794337170441887 0.24128483835005574 0.02001113999257334 0.04309921962095875
0 0.5677979948013367 0.2300195094760312 0.009788340141106572 0.023182831661092532
0 0.5366951355365763 0.24242753623188407 0.010657259561826959 0.025794314381270902
0 0.5290828072781285 0.22561315496098105 0.005438173041217973 0.0137123745819398
0 0.4962383958410694 0.243731884057971 0.04197920534719644 0.04081382385730212
0 0.5184236910508726 0.2321432552954292 0.016747122168585222 0.039180602006688964
0 0.5067879688080208 0.21794035674470458 0.009571110285926476 0.018609253065774805
0 0.5179892313405124 0.21483835005574137 0.01631266245822503 0.02089464882943144
0 0.30010025993316003 0.20814102564102563 0.0288989974006684 0.0333695652173913
0 0.2950984032677312 0.18081939799331104 0.01667285555142963 0.018770903010033445
0 0.06489602673598217 0.18900501672240802 0.017380245079836612 0.021647157190635452
0 0.046593018937987375 0.1684671125975474 0.017749721500185667 0.01942865105908584
0 0.015345339769773488 0.1917809364548495 0.013681767545488303 0.013876811594202898
0 0.026069439287040475 0.20649108138238573 0.018858150761232824 0.016652731326644372