0 0.7275 0.688125 0.23 0.46125
0 0.8558333333333333 0.511875 0.06833333333333333 0.07875
0 0.8754166666666666 0.478125 0.0225 0.04125
0 0.7104166666666667 0.480625 0.050833333333333335 0.05375
0 0.6183333333333333 0.48 0.05 0.06
0 0.07666666666666666 0.53625 0.051666666666666666 0.075
0 0.029166666666666667 0.483125 0.04 0.04625
0 0.24333333333333335 0.53125 0.07666666666666666 0.075
0 0.24041666666666667 0.475625 0.04583333333333333 0.04625
0 0.27875 0.48125 0.024166666666666666 0.045
0 0.32166666666666666 0.47125 0.035 0.0475
0 0.36083333333333334 0.52625 0.07 0.0775
0 0.35833333333333334 0.47625 0.04666666666666667 0.0425
0 0.38125 0.471875 0.0275 0.03625
0 0.44166666666666665 0.5125 0.03 0.0675
0 0.47375 0.476875 0.020833333333333332 0.05375
0 0.5141666666666667 0.52 0.07166666666666667 0.065
0 0.5095833333333334 0.465625 0.03916666666666667 0.04375
0 0.54125 0.503125 0.035833333333333335 0.05625
0 0.57125 0.503125 0.0475 0.04875
0 0.54 0.4675 0.03166666666666667 0.0325
0 0.57 0.46625 0.04 0.035