0 0.035576089006222895 0.6498868458274398 0.07115217801244579 0.10165770862800566
0 0.07333207618329247 0.624107496463932 0.04017537243069961 0.0442942008486563
0 0.11786347350556288 0.6281018387553041 0.07405808033188761 0.060995756718529
0 0.2045068828964737 0.6397199434229137 0.04017537243069961 0.07261386138613861
0 0.22943428248161418 0.6128543140028289 0.05518008674335282 0.05228005657708628
0 0.2814689798227419 0.6146676096181046 0.032430699603997734 0.04138896746817539
0 0.2923609277767302 0.6052277227722772 0.07260607203469734 0.03848373408769448
0 0.3569790684518197 0.6066817538896746 0.04888742221384122 0.07769448373408769
0 0.9046709409768057 0.5707383309759547 0.08906279464454082 0.06825742574257425
0 0.7945521402979446 0.589980198019802 0.041142749387139355 0.07914851485148515
0 0.7826928153875164 0.5754568599717115 0.06002074297567415 0.0471994342291372
0 0.7081519894399396 0.5801782178217821 0.06292475957005468 0.04502121640735502
0 0.6094059966056948 0.5650325318246111 0.07744672826701866 0.0361018387553041
0 0.5600339430511032 0.5801782178217821 0.0590533660192344 0.02614144271570014
0 0.5462398642277956 0.6070438472418671 0.08180275315858948 0.04792362093352192
0 0.45257778615877803 0.5892531824611034 0.03678672449556855 0.04284299858557284
0 0.492511785781633 0.5707383309759547 0.04501602866302093 0.04937765205091938