0 0.8289127290260366 0.3327328519855596 0.0313404050144648 0.04693140794223827
0 0.823288331726133 0.4524657039711191 0.09241321118611379 0.20216606498194944
0 0.7079725168756027 0.37545126353790614 0.049824011571841846 0.11552346570397112
0 0.7485535197685632 0.37545126353790614 0.029732401157184184 0.04813357400722022
0 0.6963187078109933 0.40132490974729246 0.02651880424300868 0.05655956678700361
0 0.6541297010607522 0.39831407942238267 0.06750241080038573 0.1371841155234657
0 0.6280135004821601 0.5463285198555956 0.14062921890067503 0.1588447653429603
0 0.5677434908389586 0.4265956678700361 0.04419720347155256 0.03730324909747292
0 0.5114922854387657 0.4524657039711191 0.03616200578592092 0.06498194945848375
0 0.42108727097396337 0.45006137184115524 0.025716007714561236 0.055353790613718416
0 0.5203302796528447 0.560768953068592 0.040983606557377046 0.1588447653429603
0 0.4869816779170685 0.5445234657039711 0.08035920925747347 0.15764259927797836
0 0.3873360655737705 0.5938628158844765 0.1671480231436837 0.23465703971119134
0 0.35720106075216973 0.48616245487364623 0.08116441658630666 0.08183032490974729
0 0.23465043394406945 0.6732851985559567 0.17518563162970105 0.294826714801444
0 0.14263982642237222 0.6546317689530685 0.217774831243973 0.2527075812274368
0 0.14705882352941177 0.5204584837545126 0.07232401157184185 0.11913357400722022