0 0.8879166666666667 0.725 0.13416666666666666 0.2125
0 0.5233333333333333 0.745 0.25666666666666665 0.235
0 0.3695833333333333 0.68625 0.0975 0.17
0 0.16218666666666667 0.650645 0.10009833333333334 0.11467000000000001
0 0.09819833333333335 0.63734 0.047305 0.097565
0 0.12322333333333334 0.62847 0.06314333333333333 0.15014750000000002
0 0.9730266666666666 0.5901275 0.02539 0.02398
0 0.90785 0.5899525 0.018690000000000002 0.022920000000000003
0 0.8749366666666667 0.5831649999999999 0.012576666666666665 0.0178075
0 0.8852800000000001 0.5686175 0.017278333333333333 0.01728
0 0.753985 0.58484 0.02151 0.016927499999999998
0 0.7247166666666667 0.5708225 0.012106666666666667 0.009345000000000001
0 0.727125 0.565355 0.007288333333333332 0.0047599999999999995
0 0.7335316666666666 0.556805 0.0048200000000000005 0.0063475
0 0.742465 0.5598025 0.0048200000000000005 0.005995
0 0.7444050000000001 0.5654450000000001 0.009638333333333334 0.00811
0 0.7562766666666666 0.5665025 0.008698333333333332 0.0077575000000000005
0 0.6990916666666667 0.568265 0.011401666666666666 0.009872500000000001
0 0.6811666666666667 0.5786675 0.01387 0.009872500000000001
0 0.69104 0.5784925 0.012225 0.010227499999999999
0 0.674055 0.5663250000000001 0.008345 0.0077575000000000005
0 0.664475 0.5687949999999999 0.015986666666666666 0.0091675
0 0.6542483333333333 0.5670299999999999 0.005876666666666666 0.0056425
0 0.6516033333333333 0.5645625 0.008579999999999999 0.0063475
0 0.6457266666666667 0.5621825 0.007405 0.00617
0 0.6440216666666667 0.56712 0.005876666666666666 0.0044075
0 0.6373816666666666 0.5661499999999999 0.009051666666666666 0.0084625
0 0.6262733333333333 0.565355 0.008698333333333332 0.007935
0 0.5429933333333333 0.578315 0.009286666666666667 0.0285625
0 0.5808416666666667 0.5610375000000001 0.004348333333333333 0.0063475
0 0.5887183333333333 0.568705 0.015163333333333334 0.00723
0 0.5998249999999999 0.5612125 0.007993333333333333 0.0084625
0 0.6111683333333334 0.5655325 0.01586833333333333 0.0089925
0 0.5198966666666667 0.5614775 0.0047016666666666665 0.0044075
0 0.525655 0.568 0.01434 0.0082875
0 0.5139016666666666 0.5690575 0.010813333333333333 0.0082875
0 0.5129016666666666 0.56465 0.0059949999999999995 0.0051125
0 0.5093766666666667 0.559625 0.003173333333333333 0.0063475
0 0.5074366666666666 0.56183 0.0047016666666666665 0.0044075
0 0.5016766666666667 0.5597150000000001 0.002586666666666667 0.0065225
0 0.49967833333333334 0.56421 0.008228333333333332 0.0067
0 0.494565 0.5605950000000001 0.007405 0.00617
0 0.48122333333333334 0.5615650000000001 0.009873333333333333 0.0042325
0 0.48169500000000004 0.5591849999999999 0.006581666666666667 0.00335
0 0.47646333333333335 0.5597150000000001 0.006465 0.0051125
0 0.469 0.5590974999999999 0.006581666666666667 0.007052500000000001
0 0.46118333333333333 0.5592725000000001 0.007405 0.0067
0 0.4570683333333333 0.561125 0.003643333333333333 0.004055
0 0.41546833333333333 0.5578975 0.00865 0.008217499999999999
0 0.40004333333333336 0.5573575 0.00865 0.007135
0 0.3584533333333333 0.5567075 0.00418 0.006702499999999999
0 0.34171 0.558465 0.0037916666666666667 0.005215
0 0.3234866666666667 0.5566475000000001 0.0067416666666666675 0.0041075
0 0.326805 0.5586224999999999 0.005793333333333333 0.0033174999999999997
0 0.332545 0.5581499999999999 0.007373333333333333 0.0045825
0 0.31105666666666665 0.5559375 0.00948 0.007742499999999999
0 0.30889833333333333 0.5684975 0.013798333333333334 0.0161175
0 0.029560000000000003 0.5555325 0.011238333333333335 0.0095275
0 0.03090333333333333 0.549395 0.00342 0.004215
0 0.04922666666666667 0.5550750000000001 0.007084999999999999 0.013009999999999999
0 0.08465 0.55141 0.004641666666666667 0.008244999999999999
0 0.09399333333333335 0.5548925 0.010383333333333333 0.005679999999999999
0 0.100285 0.5515025 0.008795 0.0076950000000000005
0 0.11439333333333333 0.55764 0.010871666666666667 0.0115425
0 0.11567499999999999 0.551045 0.007328333333333333 0.0064125
0 0.12037833333333334 0.55077 0.005984999999999999 0.0058625
0 0.17387833333333333 0.5636875 0.019176666666666668 0.015574999999999999
0 0.1671 0.5693674999999999 0.019055 0.0141075
0 0.153725 0.5526925 0.005984999999999999 0.0064125
0 0.15977166666666667 0.5581900000000001 0.010505 0.0115425
0 0.21565333333333334 0.5716575 0.012581666666666666 0.0106275
0 0.1885983333333333 0.55251 0.0065966666666666665 0.0071449999999999994
0 0.20179 0.5532425 0.0061066666666666665 0.0078775
0 0.21009666666666665 0.553975 0.010505 0.0089775
0 0.24600833333333333 0.5700075 0.012215000000000002 0.01026
0 0.25217666666666666 0.567535 0.019176666666666668 0.017405
0 0.266835 0.5724825 0.015268333333333333 0.01191
0 0.27904999999999996 0.5725725 0.014780000000000001 0.011359999999999999
0 0.2925466666666667 0.5724825 0.016123333333333333 0.0115425