0 0.0954875 0.854632 0.0160975 0.021074000000000002
0 0.159695 0.8544860000000001 0.017195000000000002 0.020196000000000002
0 0.1604275 0.84234 0.02817 0.01756
0 0.2057925 0.861656 0.02817 0.019318000000000002
0 0.2374375 0.8350219999999999 0.032195 0.019902
0 0.27073 0.840144 0.0285375 0.015512
0 0.2623175 0.85434 0.0336575 0.01756
0 0.25756 0.867072 0.02195 0.017268000000000002
0 0.300365 0.870584 0.032927500000000005 0.01961
0 0.342805 0.8789239999999999 0.0285375 0.01756
0 0.39969499999999997 0.83429 0.029635 0.017268000000000002
0 0.4523775 0.817168 0.0208525 0.018146000000000002
0 0.4452425 0.85229 0.0314625 0.019318000000000002
0 0.42182749999999997 0.875706 0.032195 0.01522
0 0.42878 0.87951 0.03 0.016975999999999998
0 0.46188999999999997 0.8900459999999999 0.033292499999999996 0.015804
0 0.474695 0.874534 0.034755 0.018146000000000002
0 0.47652249999999996 0.8604860000000001 0.030365 0.014634000000000001
0 0.5052425 0.8691200000000001 0.023415 0.019024
0 0.5624975 0.89151 0.030365 0.02283
0 0.6120725 0.899998 0.01317 0.019318000000000002
0 0.58756 0.8357540000000001 0.020487500000000002 0.019024
0 0.581705 0.8293159999999999 0.019025 0.016097999999999998
0 0.6162799999999999 0.800046 0.0267075 0.012586
0 0.6239625 0.80634 0.023780000000000003 0.012292
0 0.6680475 0.801802 0.015365 0.016097999999999998
0 0.705365 0.810144 0.0139025 0.014048
0 0.7079249999999999 0.804438 0.020487500000000002 0.016097999999999998
0 0.725485 0.8119 0.01756 0.015804
0 0.68579 0.854632 0.025245 0.018732
0 0.6766449999999999 0.875706 0.0289025 0.016975999999999998
0 0.696035 0.8840459999999999 0.034755 0.021952
0 0.9420700000000001 0.880828 0.0285375 0.013756
0 0.937315 0.830924 0.03878 0.018732
0 0.8330475 0.8064859999999999 0.015365 0.015512
0 0.781645 0.819802 0.017195000000000002 0.016975999999999998
0 0.7430475 0.8284379999999999 0.0160975 0.016682
0 0.75695 0.8459979999999999 0.03 0.01961
0 0.76079 0.838096 0.0267075 0.017268000000000002
0 0.8068875000000001 0.8215600000000001 0.0208525 0.015804
0 0.823535 0.8290219999999999 0.0263425 0.020196000000000002
0 0.754755 0.919608 0.032927500000000005 0.025169999999999998
0 0.7982899999999999 0.911266 0.0182925 0.018438
0 0.802865 0.915802 0.0230475 0.019902
0 0.789875 0.881266 0.0139025 0.018732
0 0.8392675 0.912436 0.02122 0.022536
0 0.847315 0.853316 0.0314625 0.022536
0 0.898535 0.883022 0.0314625 0.013463999999999999
0 0.9109725 0.880388 0.02195 0.014048
0 0.9261575000000001 0.9199 0.025245 0.024586
0 0.96329 0.9336559999999999 0.0460975 0.024