0 0.42128125 0.3697179487179487 0.03949519230769231 0.05046634615384616
0 0.7931923076923076 0.382150641025641 0.057048076923076924 0.028524038461538462
0 0.7021346153846154 0.37520352564102566 0.04607692307692308 0.03071794871794872
0 0.7273677884615385 0.397875 0.03510576923076923 0.04095833333333333
0 0.6747067307692308 0.4216458333333334 0.07240865384615386 0.059241987179487185
0 0.8354302884615384 0.4205480769230769 0.0691153846153846 0.0482724358974359
0 0.9072884615384615 0.43627403846153845 0.0943485576923077 0.056317307692307694
0 0.17662980769230768 0.40445833333333336 0.08118509615384616 0.03656891025641026
0 0.13384374999999998 0.4501698717948718 0.15578605769230772 0.059241987179487185
0 0.21448076923076922 0.4417596153846154 0.12835817307692307 0.05412339743589744
0 0.32473798076923077 0.475036858974359 0.15578605769230772 0.04900320512820512
0 0.34558173076923077 0.5159951923076923 0.13384374999999998 0.10166346153846154
0 0.16181971153846153 0.5013669871794872 0.1832139423076923 0.09142307692307693
0 0.6867740384615385 0.519286858974359 0.16017307692307695 0.09361858974358973
0 0.6176586538461538 0.5331826923076923 0.11629086538461537 0.07899038461538462
0 0.18211538461538462 0.6648333333333334 0.3203485576923077 0.24428365384615383
0 0.7827692307692308 0.7259775641025642 0.35874759615384616 0.34463141025641025
0 0.4997211538461539 0.6785096153846153 0.2907283653846154 0.2581810897435897