0 0.05472981770833333 0.6769223529411765 0.039130859375 0.09555764705882352
0 0.10721354166666668 0.6841835294117647 0.113955078125 0.1054964705882353
0 0.11303059895833334 0.6709976470588235 0.05102864583333333 0.10740705882352941
0 0.18825195312499998 0.6838023529411764 0.07720377604166666 0.09784941176470588
0 0.254482421875 0.6943105882352941 0.10443684895833333 0.10511058823529412
0 0.17873372395833334 0.6654541176470588 0.067158203125 0.10243764705882354
0 0.20371744791666668 0.6711858823529412 0.09121744791666668 0.09708705882352942
0 0.22724934895833335 0.6698494117647059 0.030406901041666667 0.10281882352941177
0 0.299033203125 0.7015764705882352 0.13061197916666667 0.11122823529411766
0 0.35045898437499995 0.7170541176470588 0.11236979166666666 0.11390117647058823
0 0.37888020833333336 0.7053976470588236 0.10945963541666666 0.1089364705882353
0 0.4455110677083333 0.7118964705882352 0.03595703125 0.10664000000000001
0 0.5307779947916667 0.7923529411764706 0.09386067708333333 0.07338823529411764
0 0.49746419270833336 0.7174352941176471 0.03410807291666667 0.09479058823529413
0 0.5479622395833333 0.7193505882352941 0.085400390625 0.1032
0 0.5767838541666667 0.744 0.0822265625 0.10664000000000001
0 0.6493587239583333 0.7462964705882353 0.06927083333333334 0.11887058823529412
0 0.6944401041666667 0.7384611764705883 0.030406901041666667 0.0688
0 0.7793131510416668 0.7763011764705883 0.128232421875 0.1177270588235294
0 0.8245247395833334 0.7222164705882353 0.043095703124999996 0.032489411764705885
0 0.8438248697916667 0.7256564705882352 0.057373046875 0.040898823529411765
0 0.89974609375 0.805195294117647 0.14224609375 0.16634352941176472
0 0.8690755208333334 0.7771388235294118 0.08830729166666666 0.09326117647058824