0 0.09431442524417731 0.6696703296703296 0.0332870022539444 0.03388560157790927
0 0.05448722764838467 0.6916680755142294 0.02813486100676183 0.038641870949563256
0 0.05864951164537941 0.6999887292194985 0.034872276483846734 0.03745280360664976
0 0.07450037565740045 0.7641927303465764 0.07132982719759579 0.07906452521837137
0 0.2405390683696469 0.7680557903634827 0.04755259203606311 0.07133558748943364
0 0.230236664162284 0.66461820231051 0.023777235161532684 0.02021132713440406
0 0.22706611570247937 0.6898844744998591 0.024569872276483846 0.03031839954916878
0 0.24370961682945153 0.6895857988165681 0.02536250939143501 0.035669202592279514
0 0.2651089406461307 0.6815610030994647 0.026945905334335087 0.03388560157790927
0 0.24370961682945153 0.669075795998873 0.02932381667918858 0.01961679346294731
0 0.29403643876784374 0.6800732600732601 0.030116453794139745 0.03685826993519301
0 0.36358377160030053 0.6970160608622147 0.021003005259203605 0.03507466892082277
0 0.3780484598046582 0.6881008734854889 0.03090909090909091 0.03507466892082277
0 0.42401577761081893 0.8848689771766695 0.11412847483095417 0.12305438151591999
0 0.4715683696468821 0.7255508593970132 0.0499305033809166 0.057664130741053816
0 0.5030728775356875 0.7029613975767822 0.03526859504132231 0.04339532262609185
0 0.628099173553719 0.7698393913778528 0.038835462058602555 0.07846999154691463
0 0.7370379413974455 0.6933107917723302 0.03368519909842224 0.036384897154127925
0 0.7707231404958678 0.6993744716821639 0.025601051840721263 0.04648915187376726
0 0.8616735537190083 0.7802282333051564 0.06871900826446281 0.08287404902789518
0 0.9159072126220886 0.7271682163989855 0.037054845980465816 0.043457311918850376
0 0.9256761833208115 0.792355593124824 0.035033809166040576 0.08287404902789518