0 0.7443725 0.7044605443508909 0.5112525 0.34244566281574307
0 0.030010000000000002 0.4634795378891717 0.0600175 0.03378695907577835
0 0.1983425 0.45686900332876446 0.0422 0.03378695907577835
0 0.4792125 0.48220873311141565 0.0919025 0.047744272567064816
0 0.516255 0.4620090072449579 0.0665825 0.0323183865282945
0 0.5321975 0.46164284315645193 0.057205 0.02717642451537106
0 0.6081575 0.5038770315253573 0.117225 0.06904444879577051
0 0.69631 0.5016741727041316 0.13035249999999998 0.0719815938907382
0 0.702875 0.46972195026434305 0.0478275 0.02570785196788721
0 0.981555 0.48551400039161935 0.036887500000000004 0.030849813980810655
0 0.881525 0.46164284315645193 0.045015 0.037460348541217936