0 0.9076568477429227 0.8890015302218821 0.048791124713083396 0.061706197398622806
0 0.7454973221117062 0.8732153787299158 0.048791124713083396 0.07462127008416221
0 0.5395715378729916 0.7824502677888294 0.03874521805661821 0.06098890589135425
0 0.4351721499617444 0.8585061208875288 0.07103481254781943 0.08681905126243306
0 0.41077658760520275 0.7684583014537107 0.03946250956388676 0.05883703136954859
0 0.042691277735271614 0.6009181331293038 0.04663925019127774 0.04807383320581485
0 0.09184200459066565 0.6669299923488906 0.06888102524866106 0.04663925019127774
0 0.14960214231063504 0.7318649579188983 0.03802792654934966 0.05883703136954859
0 0.17902065799540934 0.7831675592960979 0.04807383320581485 0.07103481254781943
0 0.20126243305279268 0.6106044376434583 0.030853098699311403 0.040181713848508036
0 0.2712203519510329 0.6030719204284621 0.02296097934200459 0.027983932670237188
0 0.29669280795715375 0.6059410864575364 0.019372609028309104 0.026547436878347357
0 0.2285290742157613 0.6830738332058148 0.03659334353481255 0.040181713848508036
0 0.26296863045141544 0.6726702371843917 0.017938026013771997 0.03802792654934966
0 0.2766029074215761 0.6626243305279265 0.02224368783473604 0.03515876052027544
0 0.2608167559296098 0.643969013006886 0.03372226472838562 0.026547436878347357
0 0.29489862280030604 0.6457631981637337 0.04735654169854629 0.03587605202754399
0 0.3035080336648814 0.6748221117061973 0.03300497322111706 0.04520275439938791