0 0.42139828489757025 0.6590798858773181 0.09387327298713673 0.09652639087018546
0 0.25092901381610294 0.6830171184022825 0.09438780371605526 0.1227817403708987
0 0.24525726536445924 0.6536733238231098 0.16556693663649355 0.1042475035663338
0 0.17588375416865173 0.6011626248216834 0.06601953311100524 0.17529243937232525
0 0.22668889947594092 0.5965299572039943 0.10573606479275846 0.18455777460770328
0 0.25582896617436873 0.6038659058487874 0.05364221057646498 0.1590763195435093
0 0.3636303001429252 0.6100427960057061 0.1887779895188185 0.1976854493580599
0 0.472717960933778 0.5729778887303852 0.05518818484992854 0.18223965763195435
0 0.538480228680324 0.6000035663338089 0.06498808956646021 0.19459700427960056
0 0.4982491662696522 0.6301212553495007 0.08355645545497856 0.0648644793152639
0 0.5696855645545498 0.6359129814550641 0.07581943782753693 0.06254992867332382
0 0.7613006193425441 0.61429029957204 0.11244163887565507 0.2015477888730385
0 0.6416388756550738 0.5996184022824537 0.1186303001429252 0.1783808844507846
0 0.8216460219151978 0.6112018544935806 0.1227560743211053 0.21081312410841654
0 0.6406074321105288 0.5783844507845934 0.11450452596474511 0.1729743223965763
0 0.6937327298713674 0.5795399429386591 0.09490471653168175 0.19073466476462198