0 0.1503846153846154 0.7124735576923077 0.05830288461538462 0.06316105769230769
0 0.17213141025641024 0.7114326923076923 0.03424198717948718 0.05552644230769231
0 0.2665272435897436 0.7110865384615385 0.03609294871794872 0.060384615384615384
0 0.2938269230769231 0.7176802884615385 0.05552724358974359 0.08467788461538461
0 0.38081891025641024 0.71525 0.02961378205128205 0.054831730769230765
0 0.4659599358974359 0.7385024038461538 0.10179807692307692 0.11105288461538462
0 0.6325384615384615 0.7319086538461538 0.05182532051282051 0.07843028846153846
0 0.5864983974358975 0.7232331730769231 0.07542307692307693 0.05413942307692308
0 0.9180416666666666 0.7102572115384616 0.05320192307692308 0.07625721153846154
0 0.8210945512820513 0.7155769230769231 0.052020833333333336 0.04965625
0 0.8562676282051281 0.7528173076923076 0.10699679487179486 0.1081778846153846
0 0.8781410256410257 0.8428197115384616 0.16256410256410256 0.12325240384615385