0 0.2525548245614035 0.6757565789473684 0.10031067251461988 0.11752192982456142
0 0.21931652046783623 0.6962335526315789 0.06351059941520468 0.07300712719298245
0 0.38966557017543857 0.6650712719298245 0.13592288011695905 0.10327850877192982
0 0.46029788011695905 0.6597313596491228 0.05163925438596491 0.09793585526315789
0 0.5166849415204678 0.6690789473684211 0.08368969298245614 0.10416666666666667
0 0.5252923976608187 0.6561705043859649 0.0510453216374269 0.09971765350877193
0 0.8653947368421052 0.6655180921052631 0.08428362573099416 0.07211622807017544
0 0.7980281432748538 0.6610663377192982 0.0872514619883041 0.048966557017543856
0 0.7181944444444445 0.6423684210526316 0.09615497076023391 0.08814144736842106
0 0.644594298245614 0.6810992324561403 0.11040021929824562 0.05520010964912281
0 0.696531432748538 0.6632922149122807 0.09200109649122808 0.06410361842105262
0 0.6164016812865497 0.6793174342105264 0.061134868421052625 0.04629660087719298