0 0.013743578767123286 0.6549928652968036 0.027485017123287672 0.06075770547945206
0 0.09861087328767122 0.6376341324200914 0.09499357876712329 0.04532676940639269
0 0.1663591609589041 0.6257391552511415 0.09644049657534247 0.03246860730593607
0 0.12971318493150685 0.6725128424657535 0.09933433219178081 0.06943778538812785
0 0.24881635273972602 0.6623872716894977 0.13887414383561644 0.06075770547945206
0 0.3184952910958904 0.6474386415525114 0.12103381849315069 0.052721175799086764
0 0.33633775684931505 0.6336158675799087 0.08631421232876713 0.03407534246575342
0 0.3630993150684932 0.6196318493150685 0.0819755993150685 0.025396689497716892
0 0.40119220890410956 0.6484032534246575 0.11283604452054793 0.05079195205479452
0 0.6483219178082192 0.6826398401826483 0.1866117294520548 0.07361586757990868
0 0.49088398972602737 0.6588498858447489 0.09836900684931507 0.06011415525114155
0 0.5579088184931508 0.6411700913242009 0.10801369863013699 0.05240011415525114
0 0.5834653253424658 0.6300784817351598 0.10029751712328766 0.04693493150684932
0 0.7690089897260274 0.6048287671232877 0.08342037671232877 0.044041095890410956
0 0.6488056506849315 0.6402054794520549 0.03423587328767123 0.01703767123287671
0 0.6806292808219179 0.6660830479452055 0.04388056506849315 0.06750856164383562
0 0.6692979452054795 0.6331335616438356 0.06943707191780822 0.03503995433789955
0 0.7201712328767123 0.619470605022831 0.08727953767123288 0.029574771689497716
0 0.7577825342465754 0.6437414383561644 0.10463827054794521 0.051756563926940634
0 0.8173351883561644 0.6657619863013698 0.11476455479452054 0.06557933789954337
0 0.8537414383561643 0.6614226598173516 0.08535102739726028 0.06268692922374429
0 0.9405372431506849 0.6615824771689498 0.11813998287671233 0.06365154109589041
0 0.9706314212328767 0.6175413812785387 0.05873929794520548 0.03921946347031964
0 0.9443514554794521 0.6517779680365297 0.1112992294520548 0.05111301369863014
0 0.9079880136986301 0.6324900114155251 0.09644049657534247 0.03632562785388128