0 0.974415556964701 0.3760304333443599 0.028397801733248785 0.020327489249090308
0 0.9662692876770239 0.40272907707575256 0.06317691819911224 0.05512074098577572
0 0.7746459522299725 0.38395302679457494 0.03522088353413654 0.034796559708898445
0 0.6069224265482984 0.38553092954019186 0.03906996406679349 0.03627191531591135
0 0.6582456140350876 0.4179159775057889 0.050991333756076944 0.055444922262653
0 0.6085795814838301 0.446936817730731 0.08277742549143945 0.09275554085345682
0 0.09569012893679983 0.39822692689381406 0.01854153455928979 0.019173006946741646
0 0.11903403086028323 0.3948594111809461 0.02814415556964701 0.017618260006615944
0 0.2266434157683365 0.3948594111809461 0.02748256182625238 0.0228018524644393
0 0.2650538998097654 0.40392656301687063 0.03079264426125555 0.026427390009923918
0 0.3423673641936166 0.3803473370823685 0.02317691819911224 0.031091630830301024
0 0.05645318114563517 0.4337214687396626 0.04072711900232509 0.08394641085014887
0 0.07002959205242021 0.49175984121733374 0.057943352356795604 0.0569996692027787
0 0.42529063622912705 0.4041018855441614 0.04117945466074825 0.04120410188554416
0 0.45955189177763683 0.4070095931194178 0.05231663496089622 0.04489910684750248
0 0.43997463538363984 0.45032418127687723 0.10092158106108645 0.056520013231888856
0 0.4058824772775312 0.4511180946080053 0.09552103149439865 0.0644459146543169
0 0.33365039103783556 0.46352960635130663 0.03274149228492919 0.02271584518690043
0 0.4657958148383005 0.4862454515382071 0.13501373916719508 0.10512074098577572
0 0.41663496089621643 0.669106847502481 0.31388290002113717 0.3799867681111479
0 0.3022722468822659 0.6333112801852464 0.24421052631578946 0.3238140919616275
0 0.2209849926019869 0.5953126033741317 0.24209892200380467 0.28086007277538866