0 0.7990128205128205 0.5387139423076923 0.1171474358974359 0.047310096153846154
0 0.8921314102564102 0.5271682692307692 0.04355448717948718 0.03548317307692308
0 0.9845512820512821 0.51759375 0.0308974358974359 0.03548317307692308
0 0.9437596153846155 0.49126201923076923 0.07096474358974358 0.02844230769230769
0 0.976423076923077 0.4643701923076923 0.04092628205128205 0.01858653846153846
0 0.9413173076923076 0.46873557692307694 0.023278846153846153 0.02112019230769231
0 0.9133461538461538 0.4649326923076923 0.019900641025641028 0.02140144230769231
0 0.8992628205128205 0.4581730769230769 0.03078846153846154 0.012954326923076923
0 0.8757980769230769 0.46239903846153846 0.03341666666666667 0.02140144230769231
0 0.8444455128205128 0.4683125 0.05932371794871795 0.02140144230769231
0 0.8089615384615385 0.4559206730769231 0.018397435897435897 0.01520673076923077
0 0.7838044871794871 0.45803365384615385 0.03792307692307692 0.01943028846153846
0 0.7808012820512821 0.46465144230769234 0.026660256410256412 0.016896634615384615
0 0.7517019230769231 0.45394951923076926 0.01576923076923077 0.014079326923076924
0 0.7073974358974359 0.4495841346153846 0.021025641025641025 0.016615384615384615
0 0.6604615384615384 0.4852091346153846 0.05331730769230769 0.02478125
0 0.5985096153846153 0.5128052884615385 0.045807692307692306 0.03041346153846154
0 0.5682820512820512 0.4436706730769231 0.029663461538461538 0.022810096153846153
0 0.5162788461538461 0.45366826923076925 0.03754807692307693 0.020276442307692308
0 0.6238525641025642 0.44057451923076923 0.055195512820512826 0.022247596153846153
0 0.6000096153846154 0.4431081730769231 0.020275641025641025 0.013235576923076923
0 0.5384326923076923 0.5620865384615386 0.0345448717948718 0.032665865384615383
0 0.4978814102564103 0.5608197115384616 0.036798076923076926 0.03238461538461539
0 0.5108333333333334 0.604045673076923 0.13554807692307694 0.06476923076923077
0 0.4135865384615385 0.5577211538461538 0.03041346153846154 0.03069471153846154
0 0.4755384615384616 0.50534375 0.06120192307692307 0.02900480769230769
0 0.47321794871794876 0.46234375 0.015304487179487179 0.010471153846153847
0 0.45616666666666666 0.47432451923076924 0.027384615384615382 0.027990384615384615
0 0.43656730769230767 0.46415625000000005 0.01825641025641026 0.018927884615384614
0 0.40126282051282053 0.48368750000000005 0.024432692307692308 0.010471153846153847
0 0.3681025641025641 0.4853990384615385 0.03544230769230769 0.02235096153846154
0 0.3750833333333333 0.48006490384615386 0.04349679487179488 0.022552884615384614
0 0.33897115384615384 0.4758341346153846 0.02174679487179487 0.01651201923076923
0 0.3632692307692308 0.46788221153846155 0.01557371794871795 0.009062500000000001
0 0.2788301282051282 0.4930528846153846 0.046448717948717945 0.023963942307692308
0 0.27802243589743586 0.4981875 0.046448717948717945 0.018526442307692306
0 0.24379166666666666 0.48177644230769234 0.01825641025641026 0.012283653846153847
0 0.09638782051282052 0.5497379807692307 0.03221794871794872 0.03221875
0 0.1788173076923077 0.5382596153846153 0.042958333333333334 0.02899759615384615
0 0.2397628205128205 0.5338293269230769 0.03275641025641026 0.030204326923076924
0 0.19855128205128206 0.5233581730769231 0.04268910256410256 0.020942307692307694
0 0.1376025641025641 0.5848774038461538 0.04698717948717949 0.034435096153846156
0 0.1657948717948718 0.5853798076923077 0.04000641025641025 0.03382932692307692
0 0.30796153846153845 0.56534375 0.07947435897435898 0.03483653846153846
0 0.29238782051282053 0.5830649038461538 0.06604807692307692 0.03604567307692307
0 0.23117307692307693 0.581252403846154 0.06336538461538462 0.027990384615384615