0 0.8944411818682327 0.6264211807668899 0.025026610387227016 0.05112396023534185
0 0.9042338043677739 0.5569527287482248 0.018498807120572582 0.03608845607628322
0 0.2074967884015416 0.5595800365185636 0.06167737199486144 0.05934672347332116
0 0.156098366672784 0.504232095759789 0.056347953752982204 0.05724081963887198
0 0.18998348320792807 0.42489348752282413 0.03578821802165535 0.03998579833637655
0 0.3550302807854652 0.5303266382633395 0.04835199119104423 0.0521911138161899
0 0.36797394017250873 0.44488537228646785 0.03845292714259497 0.04208967336173666
0 0.472864745824922 0.5404280787177926 0.0388346485593687 0.05387502536011361
0 0.6625233987887686 0.4323371880706025 0.02345751514039273 0.02198214648001623
0 0.5765094512754634 0.4248042199229053 0.021224077812442652 0.02469872185027389
0 0.5169719214534777 0.39133901399878274 0.02770233070288126 0.028896327855548794
0 0.47575151403927324 0.3808419557719619 0.02301156175445036 0.028648813146682897
0 0.4667039823820885 0.33687969162101844 0.011170857037988622 0.012842361533779672
0 0.47921453477702325 0.33527490363156826 0.031725087171958155 0.022475147088658956
0 0.48971554413653884 0.3208257252992493 0.01966048816296568 0.017289511057009536
0 0.4899394384290695 0.317492391965916 0.01966048816296568 0.013582876851288294
0 0.5570728574050284 0.3229255427064313 0.01943659387043494 0.01704199634814364
0 0.3974472380253258 0.3247778454047474 0.022341714075977244 0.0153134510042605
0 0.34796109377867496 0.32984175289105294 0.018990640484492567 0.008149726110772977