0 0.8436176091361208 0.5410242290748899 0.2468226192669 0.2450440528634361
0 0.9495303002394547 0.39165748898678415 0.020261558298029104 0.03716960352422907
0 0.9720943083440781 0.39165748898678415 0.026708417756492908 0.03166299559471366
0 0.7925032234297292 0.40542400881057267 0.024866457911217537 0.04818281938325991
0 0.5576533431571192 0.5251927312775331 0.17590716522379812 0.23265418502202642
0 0.4402284030208141 0.5320759911894273 0.06999447412046417 0.20787444933920704
0 0.378983238165408 0.4763215859030837 0.04144409651869589 0.0605726872246696
0 0.4010867563087125 0.4529185022026432 0.043286056363971266 0.07158590308370044
0 0.3205010130779149 0.42194383259911894 0.03131331736968134 0.03716960352422907
0 0.2965555350893351 0.5960903083700441 0.12525326947872537 0.2395374449339207
0 0.10130779149014552 0.6132984581497798 0.1510407073125806 0.2822136563876652
0 0.03125805857432308 0.4514014317180617 0.03880456806041628 0.04028083700440529
0 0.04077914901455148 0.4374366740088106 0.08156013998894825 0.06713381057268723
0 0.06179775280898876 0.45515969162995595 0.06898508012525327 0.07035517621145375
0 0.12952477435991896 0.4172962555066079 0.02694787253637871 0.046186674008810574
0 0.11874746730521274 0.32545980176211453 0.013293424203352368 0.026852973568281938
0 0.20084545956898142 0.32680066079295156 0.023713391048075155 0.028463656387665195
0 0.3540836249769755 0.32545980176211453 0.014011788543009761 0.020407488986784142
0 0.38659974212562165 0.3380809471365639 0.016527905691655922 0.02416850220264317
0 0.16653343157119174 0.3047824889867842 0.010419966844722786 0.014501651982378854
0 0.5979406888929821 0.37709801762114536 0.011272794253085283 0.017307268722466962
0 0.5775280898876405 0.3486316079295154 0.008226192668999816 0.01867290748898678
0 0.6518695892429545 0.40624449339207047 0.04296002947135752 0.03279185022026432