0 0.18704697986577182 0.8873515745998968 0.024503527792118392 0.0692230252968508
0 0.21481844777146789 0.8263964894166237 0.03675615212527964 0.05145844088797109
0 0.2513698158664602 0.8680536912751678 0.02899673033901222 0.06248580278781621
0 0.27567028050249526 0.8576406814661848 0.03757356737222509 0.04900877645844089
0 0.38410084322836 0.8588642230252967 0.05431767337807606 0.058810015487867844
0 0.5092755119600757 0.8674419204956118 0.05962657029771124 0.060033557046979866
0 0.5068249870934435 0.8631543624161074 0.038389261744966444 0.058810015487867844
0 0.5599156771639994 0.8680536912751678 0.055542935811392184 0.060033557046979866
0 0.5970813973498537 0.870810531750129 0.061259679917398044 0.05819824470831182
0 0.6007571846498021 0.8319101703665462 0.04982447083118224 0.036755291688177594
0 0.6626294957838582 0.8123076923076923 0.02082774049217002 0.060033557046979866
0 0.7219342626054035 0.8260635002581311 0.04058681810359663 0.054032008260196177
0 0.844963001204612 0.8861848218895199 0.028917570125623817 0.07229478575116159
0 0.9187799001892961 0.8180743417656169 0.04261572879022543 0.05783686112545173
0 0.9241060058509722 0.8846618482188952 0.027903975219411462 0.0753381517811048
0 0.9441455859576665 0.8781930820856995 0.028409912235415592 0.07914300464636036