0 0.9591557017543859 0.649671052631579 0.08168859649122807 0.2878289473684211
0 0.9324744152046783 0.6640625 0.06122076023391813 0.2727521929824561
0 0.828764619883041 0.6448739035087719 0.12792397660818713 0.3001644736842105
0 0.5034722222222222 0.6318530701754386 0.22112573099415206 0.5756578947368421
0 0.6236293859649122 0.6304824561403509 0.13980263157894737 0.47149122807017546
0 0.7136330409356725 0.6503563596491229 0.10416666666666667 0.31661184210526316
0 0.34904970760233917 0.6380208333333334 0.19736842105263158 0.40707236842105265
0 0.1457419590643275 0.6448739035087719 0.1836622807017544 0.39336622807017546
0 0.05482456140350877 0.6428179824561403 0.10964912280701754 0.3262061403508772
0 0.25447733918128657 0.5790844298245614 0.13614766081871346 0.39610745614035087
0 0.42123538011695905 0.4694353070175439 0.10782163742690058 0.08634868421052631