0 0.830155979202773 0.7210607820363918 0.06759098786828423 0.14130855594270228
0 0.7395545927209705 0.7127293844367015 0.017930675909878683 0.051049167634533495
0 0.69121143847487 0.7516066589237321 0.09492720970537262 0.14451025938830817
0 0.6391767764298094 0.7370770421989934 0.06750433275563258 0.12330623306233063
0 0.6077105719237434 0.6856368563685636 0.020039861351819756 0.051835075493612076
0 0.5612045060658579 0.6862756484707705 0.03237435008665512 0.049206349206349205
0 0.5526932409012132 0.6886991869918699 0.014351819757365686 0.04286875725900116
0 0.4661403812824957 0.7362524196670538 0.08634142114384749 0.12953542392566783
0 0.5205025996533795 0.6779171506000774 0.03602946273830156 0.05762291908633372
0 0.4917227036395147 0.6867247386759582 0.040719237435008666 0.07334107626790554
0 0.43544020797227034 0.6860123886953156 0.06033275563258232 0.08715060007742935
0 0.4258474870017331 0.6862485481997677 0.05351126516464471 0.04381339527680991
0 0.31950779896013864 0.6734262485481998 0.021963604852686308 0.05022841656987999
0 0.21309185441941073 0.6766395663956639 0.03712824956672443 0.06132791327913279
0 0.01689254766031196 0.6711653116531164 0.03378336221837089 0.04681765389082462
0 0.12355979202772964 0.6676693766937669 0.030029462738301562 0.04262485481997677
0 0.10103812824956672 0.6872357723577236 0.030029462738301562 0.09572977158343013