0 0.341805419921875 0.5257681743270463 0.03003662109375 0.029857169016663618
0 0.385775146484375 0.5244112799853506 0.015198974609375 0.021713971800036622
0 0.455257568359375 0.5219685039370079 0.015198974609375 0.026601355063175243
0 0.47660888671875 0.5257681743270463 0.028951416015625 0.026601355063175243
0 0.0128466796875 0.5751693828969053 0.025694580078125 0.07437282548983702
0 0.078167724609375 0.5819538546053836 0.117252197265625 0.10748763962644205
0 0.0191796875 0.5168101080388208 0.038360595703125 0.019544039553195384
0 0.0155615234375 0.5314685954953305 0.031123046875 0.01845815784654825
0 0.17768798828125 0.5670261856802784 0.1035009765625 0.08197216626991394
0 0.25911376953125 0.5767972898736495 0.043426513671875 0.04397180003662333
0 0.302177734375 0.5887401574803149 0.07093017578125 0.08305804797656106
0 0.33782470703125 0.5843966306537264 0.050302734375 0.05157297198315327
0 0.323348388671875 0.5504687786119759 0.03582763671875 0.023885735213330893
0 0.2326953125 0.5670261856802784 0.078167724609375 0.08088811572971984
0 0.243189697265625 0.5425965940303974 0.087576904296875 0.0526588536898004
0 0.387945556640625 0.576526277238601 0.071654052734375 0.09011536348654092
0 0.439696044921875 0.5841256180186779 0.093367919921875 0.10206006225965941
0 0.477332763671875 0.601497894158579 0.099881591796875 0.09988829884636513
0 0.51098876953125 0.5219685039370079 0.032569580078125 0.029857169016663618
0 0.541387939453125 0.515453213697125 0.019542236328125 0.014656656290056767
0 0.555682373046875 0.5165390954037722 0.014837646484375 0.012486724043215528
0 0.576490478515625 0.5710968687053654 0.0846826171875 0.0922871268998352
0 0.645611572265625 0.5390679362754074 0.034017333984375 0.05211499725325033
0 0.6228125 0.5577971067570042 0.02967529296875 0.061344076176524445
0 0.600013427734375 0.5165390954037722 0.01737060546875 0.014656656290056767
0 0.62462158203125 0.5064951474088994 0.022437744140625 0.028229262039919427
0 0.642354736328125 0.5067679912104011 0.027503662109375 0.02008606482329244
0 0.663162841796875 0.5089379234572422 0.01700927734375 0.019000183116645305
0 0.678363037109375 0.5116535433070866 0.01700927734375 0.029857169016663618
0 0.763406982421875 0.5461252517853873 0.03003662109375 0.05211499725325033
0 0.719798583984375 0.5425965940303974 0.07382568359375 0.06460172129646585
0 0.7074951171875 0.5094817798937924 0.039808349609375 0.04180003662332906
0 0.7330078125 0.5070390038454495 0.01411376953125 0.024971616919978026
0 0.761597900390625 0.503239333455411 0.03293212890625 0.015200512726606849
0 0.78168212890625 0.5037813587255081 0.013751220703125 0.013028749313312582
0 0.799052734375 0.4978099249221754 0.03908447265625 0.051029115546603186
0 0.82257568359375 0.4994378318989196 0.011580810546875 0.04125801135323201
0 0.83849853515625 0.5165390954037722 0.027503662109375 0.06242995788317158
0 0.83831787109375 0.4874949642922542 0.029312744140625 0.029315143746566564
0 0.87903076171875 0.49373924189708845 0.020989990234375 0.03854422266984069
0 0.89513427734375 0.4942812671671855 0.037998046875 0.042885918329976194
0 0.917572021484375 0.4923805163889397 0.029312744140625 0.04885735213330892
0 0.972760009765625 0.5442245010071416 0.04849365234375 0.08957333821644388
0 0.961722412109375 0.5035103460904596 0.071292724609375 0.0732869437831899
0 0.95484619140625 0.47501007141549173 0.04885498046875 0.02279985350668376