0 0.6264367816091954 0.12422360248447205 0.06666666666666667 0.13729977116704806
0 0.432183908045977 0.09643674403399805 0.1103448275862069 0.04249754821837202
0 0.2574712643678161 0.08336057535142204 0.04827586206896552 0.05230467473030402
0 0.02528735632183908 0.02451781627983001 0.05057471264367816 0.04903563255966002
0 0.07241379310344828 0.20676691729323307 0.14482758620689656 0.20431513566525009
0 0.17988505747126438 0.41189931350114417 0.2218390804597701 0.44132069303694016
0 0.19655172413793104 0.18551814318404708 0.10114942528735632 0.13239620791108206
0 0.3454022988505747 0.2901274926446551 0.11149425287356322 0.30238640078457013
0 0.5735632183908046 0.5393919581562602 0.20229885057471264 0.5916966328865643
0 0.8051724137931034 0.46175220660346517 0.2149425287356322 0.4560313828048382
0 0.832183908045977 0.5786204642039883 0.1839080459770115 0.6080418437397842
0 0.8632183908045977 0.16426936907486106 0.10804597701149425 0.17816279830009807