0 0.9533787323205867 0.26179745493107104 0.05063733193644142 0.08881230116648993
0 0.9014318142133753 0.2651113467656416 0.06198707874978174 0.08483563096500531
0 0.7233280949886502 0.27240190880169673 0.060240963855421686 0.0835100742311771
0 0.7722193120307316 0.4573170731707317 0.15802339793958442 0.3366914103923648
0 0.8893836214422909 0.522932131495228 0.2212327571154182 0.5633616118769883
0 0.5426052034223852 0.44737539766702017 0.1458005936790641 0.33271474019088015
0 0.5984808800419068 0.4699098621420997 0.09341714684826262 0.2849946977730647
0 0.214335603282696 0.5746288441145281 0.26104417670682734 0.6137327677624602
0 0.38894709271870087 0.4579798515376458 0.11437052558058321 0.2955991516436903
0 0.3998603108084512 0.3134941675503712 0.09603631918980268 0.09676564156945917
0 0.04147022874105116 0.4599681866383881 0.08294045748210233 0.3181336161187699
0 0.06722542343286188 0.3353658536585366 0.06111402130260171 0.11399787910922587
0 0.03535882661079099 0.27637857900318136 0.07071765322158198 0.09676564156945917