0 0.3277579312183418 0.8289477426235335 0.06494001599573447 0.128784216139353
0 0.4013009864036257 0.8381976537504443 0.06993601706211676 0.07475293281194455
0 0.37299386830178616 0.7486420191965872 0.03552386030391896 0.06291148240312833
0 0.37160490535857105 0.690543903306079 0.06826979472140762 0.06365090650551014
0 0.4293308451079712 0.6509456096693921 0.07049053585710478 0.05254888019907572
0 0.4382111436950147 0.685730536793459 0.056059717408691014 0.04218627799502311
0 0.4770647827246068 0.7767685744756488 0.042737936550253264 0.06587273373622468
0 0.4587470007997867 0.7405012442232493 0.07715275926419621 0.07623178101670813
0 0.4740122633964276 0.6853608247422681 0.06993601706211676 0.06661215783860647
0 0.48094908024526795 0.6354034838250978 0.03496934150893095 0.04810878066121579
0 0.5245214609437483 0.7738073231425524 0.032194081578245805 0.10879843583362958
0 0.6008397760597174 0.7775079985780307 0.10268461743535058 0.10731958762886598
0 0.6041722207411357 0.7268076786349094 0.10046387629965342 0.04884820476359758
0 0.5655958411090376 0.690543903306079 0.09657957877899226 0.05180945609669393
0 0.5753079178885631 0.659456096693921 0.09380431884830712 0.05033060789193033
0 0.5486670221274327 0.6405830074653395 0.09047187416688883 0.04810878066121579
0 0.5511650226606238 0.6157909704941343 0.07659557451346308 0.04736935655883399
0 0.5700346574246867 0.5895165303945965 0.06993601706211676 0.04218627799502311
0 0.6313676352972541 0.6428048346960541 0.08603305785123966 0.061432634198364734
0 0.665782458011197 0.7101564166370423 0.09935483870967741 0.07919303234980449
0 0.684374833377766 0.6768503377177391 0.03552386030391896 0.056988979736935653
0 0.7540335910423888 0.7719587628865979 0.10268461743535058 0.07253466050479915
0 0.8922420687816582 0.7675151084251689 0.09491335643828312 0.07401350870956273
0 0.8714262863236469 0.7016459296125134 0.04995467875233271 0.09621756132243157
0 0.7945534524126899 0.6942445787415571 0.08381231671554253 0.08289370778528261
0 0.7346067715275927 0.6761109136153574 0.07826179685417223 0.07031283327408461
0 0.7087976539589442 0.6376217561322431 0.08325779792055452 0.04366868112335585
0 0.7809544121567582 0.6416956985424813 0.09435883764329513 0.05328830430145752
0 0.8625459877366035 0.60431567721294 0.054396161023727005 0.058471382865268394
0 0.8128685683817649 0.5954354781372201 0.05938949613436417 0.04662993245645218
0 0.8309090909090908 0.5661997867045858 0.07659557451346308 0.04144685389264131
0 0.739325513196481 0.5950657660860291 0.07215675819781392 0.042929257020974054
0 0.6435803785657158 0.59987557767508 0.07937083444414823 0.061432634198364734
0 0.6208237803252467 0.5702701741912549 0.07604105571847508 0.04366868112335585
0 0.6890935750466542 0.5710131532172058 0.06605171954145561 0.058471382865268394
0 0.721564916022394 0.5473266974760043 0.08103705678485738 0.040707429790259514
0 0.6363636363636364 0.5432563099893353 0.07493201812849906 0.038485602559544974
0 0.5630978405758464 0.5491788126555279 0.026086376966142362 0.04588695343050125
0 0.4013009864036257 0.5802630643441166 0.07659557451346308 0.054770707429790254
0 0.464297520661157 0.5706398862424458 0.07160223940282591 0.059210806967650194
0 0.4964916022394028 0.5628688233202985 0.04051986137030125 0.07327408460718095
0 0.4293308451079712 0.5303057234269464 0.05383897627299387 0.058471382865268394
0 0.3921434284190883 0.5147600426590828 0.02941882164756065 0.06439033060789193
0 0.9849506798187151 0.4456061144685389 0.030095974406824846 0.04319232136509065
0 0.8633777659290857 0.47328474937788834 0.05611303652359371 0.03893352292925702
0 0.8307597973873633 0.4833202986135798 0.06204478805651826 0.048059011731247776
0 0.8134230871767529 0.4547316032705297 0.02189816049053586 0.02980803412726626
0 0.7684857371367636 0.5319872022751511 0.07801119701412956 0.0553572698186989
0 0.8017888563049854 0.5356381087806612 0.06158890962410024 0.048059011731247776
0 0.7812609970674488 0.4967045858514042 0.0643268461743535 0.03954141485958052
0 0.7650653159157559 0.47297902595094204 0.048357771260997065 0.02980803412726626
0 0.7228659024260197 0.4790615001777461 0.05337776592908558 0.02859225026661927
0 0.7046174353505732 0.5009633842872379 0.07344974673420421 0.04562388908638464
0 0.6751906158357771 0.5073515819409883 0.05656891495601173 0.04380021329541415
0 0.6735937083444415 0.5301635264841805 0.06523860303918955 0.034674724493423396
0 0.5990029325513196 0.5249911126910771 0.059306851506264996 0.04014930678990401
0 0.6177072780591842 0.509480981158905 0.06386830178619035 0.04684322787060079
0 0.6015142628632365 0.48879488091006046 0.0643268461743535 0.038325630998933526
0 0.5869154892028793 0.439825808745112 0.06067715275926419 0.04988268752221827
0 0.538555051986137 0.46111624600071094 0.05611303652359371 0.030415926057589762
0 0.5086750199946681 0.4781514397440455 0.04105838443081845 0.02311766797013864
0 0.5346787523327112 0.48757909704941343 0.051095707811250335 0.035890508354070386
0 0.5522420687816583 0.5033949520085318 0.057939216209010935 0.03710984713828653
0 0.5187096774193548 0.5356381087806612 0.05565715809117569 0.06630998933522929
0 0.532396694214876 0.5216459296125133 0.05748333777659291 0.04319232136509065
0 0.47924820047987204 0.504916459296125 0.02782991202346041 0.05840028439388553
0 0.4413836310317249 0.5015712762175614 0.04425219941348974 0.02615712762175613
0 0.47468675019994666 0.40849626733025235 0.04151426286323647 0.034674724493423396
0 0.5063929618768328 0.4215748311411305 0.0538336443615036 0.03528261642374689
0 0.31683817648627033 0.46872022751510845 0.03239136230338576 0.04440810522573765
0 0.36154625433217813 0.48028083896196233 0.04516395627832578 0.04440810522573765
0 0.34672087443348437 0.4474297902595094 0.02463609704078912 0.0553572698186989
0 0.3620021327645961 0.4103199431212229 0.02691548920287923 0.04927479559189478
0 0.3677046121034391 0.38750799857803053 0.031021061050386562 0.04380021329541415
0 0.3989549453479072 0.3841628154994668 0.04790189282857905 0.02615712762175613
0 0.40260463876299657 0.3990686100248844 0.04425219941348974 0.02798435833629577
0 0.4069394828045855 0.40940988268752226 0.0456198347107438 0.02311766797013864
0 0.38686750199946685 0.4449982225382154 0.0228099173553719 0.04562388908638464
0 0.4117302052785924 0.43587273373622465 0.03421487603305785 0.0529257020974049
0 0.4165209277525993 0.4623355847849271 0.02828579045587843 0.0559651617490224
0 0.4598587043455079 0.47450053323853536 0.046534257531324986 0.041365090650551016
0 0.45210343908291123 0.4608140774973338 0.05200746467608638 0.038325630998933526
0 0.45415622500666486 0.432829719161038 0.046990135963743 0.038325630998933526
2 0.2180671820847774 0.4392179168147885 0.020986403625699812 0.04258442943476715
1 0.22468408424420153 0.459900462140064 0.04425219941348974 0.04745111980092428
0 0.9711463609704079 0.8546214006398863 0.05770727805918422 0.059569854248133665