0 0.2509631849315068 0.3764982876712329 0.065357448630137 0.023690068493150685
0 0.5691887842465754 0.3853809931506849 0.05457191780821918 0.02199771689497717
0 0.9134310787671234 0.37247859589041094 0.0590132705479452 0.021573915525114156
0 0.9603874143835617 0.379248002283105 0.04632277397260274 0.018190639269406395
0 0.8934417808219178 0.42239726027397256 0.08502996575342466 0.030035673515981735
0 0.2588955479452055 0.48246718036529684 0.12183219178082193 0.024958618721461188
0 0.1376969178082192 0.45856592465753426 0.08629922945205479 0.038072203196347035
0 0.16180864726027397 0.4393179223744292 0.04441780821917808 0.021573915525114156
0 0.21669734589041095 0.4378367579908676 0.0793193493150685 0.03045804794520548
0 0.2836429794520548 0.43106877853881276 0.09518193493150685 0.03384275114155251
0 0.4048416095890411 0.4285302511415525 0.12690924657534244 0.028765696347031963
0 0.34519263698630137 0.4572973744292237 0.11675727739726027 0.04653396118721461
0 0.38263270547945205 0.44947060502283104 0.1104109589041096 0.03088184931506849
0 0.6177311643835617 0.4869092465753425 0.0691652397260274 0.0253824200913242
0 0.6799165239726028 0.4708333333333333 0.1389661815068493 0.049071061643835616
0 0.6231249999999999 0.4528553082191781 0.07487585616438357 0.026650970319634704
0 0.6443814212328768 0.4520091324200913 0.08947131849315068 0.024112442922374428
0 0.7795398116438357 0.45264269406392693 0.0729730308219178 0.03130422374429224
0 0.7541588184931507 0.4420676369863014 0.05774400684931506 0.027073344748858447
0 0.7110102739726027 0.43762557077625575 0.07805008561643835 0.02749714611872146
0 0.559353595890411 0.430222602739726 0.05647474315068494 0.01776683789954338
0 0.523818493150685 0.45454765981735157 0.05647474315068494 0.023266267123287672
0 0.5507876712328768 0.44777825342465755 0.0761451198630137 0.02834332191780822
0 0.5901284246575342 0.43360730593607305 0.04949486301369863 0.02453624429223744